12
0 12811 14937 12105 8204 15946 18975 12965 1399 15104 4625 12000 
12811 0 13333 13973 15674 3309 19242 216 11413 9600 9132 15635 
14937 13333 0 3883 9740 13708 5910 13530 14260 4615 10985 5741 
12105 13973 3883 0 5909 15201 6927 14187 11701 7405 8905 2081 
8204 15674 9740 5909 0 17888 11806 15884 8459 12343 7397 4678 
15946 3309 13708 15201 17888 12 19515 3227 14557 9350 11974 17075 
18975 19242 5910 6927 11806 19515 0 19439 18623 10205 15782 7181 
12965 216 13530 14187 15884 3227 19439 0 11566 9770 9319 15850 
1399 11413 14260 11701 8459 14557 18623 11566 0 14078 3523 11835 
15104 9600 4615 7405 12343 9350 10205 9770 14078 0 10555 9486 
4625 9132 10985 8905 7397 11974 15782 9319 3523 10555 0 9513 
12000 15635 5741 2081 4678 17075 7181 15850 11835 9486 9513 0 
