30
0 10459 14111 10526 6238 7074 9726 7809 8041 3976 9502 8575 13290 4895 11649 4805 9449 6089 6219 9440 10952 11124 10215 8614 6245 6509 9032 4106 10362 10585 
10459 0 24300 19758 8102 17528 17912 10614 17599 6815 17534 13039 22374 8725 18835 5762 15419 16180 11566 19898 14920 20398 19848 13507 16618 16620 17513 14559 20693 477 
14111 24300 0 -5908 19615 7475 14471 16542 7021 18085 9165 14766 5359 16218 10334 18880 17753 10442 17541 5710 15379 5457 5044 14248 9182 10150 8487 10371 3865 24340 
10526 19758 -5908 0 16688 6439 14862 10912 2536 14316 3257 8950 2763 11183 4714 14872 17129 9627 15594 6674 9472 640 1283 8415 8238 9571 2642 8020 4823 19716 
6238 8102 19615 16688 0 12164 10039 12190 14167 3553 15716 13789 19446 8968 17789 4150 7317 9727 3537 14279 16186 17266 16258 13994 10657 10140 15269 9259 15753 8476 
7074 17528 7475 6439 12164 0 8423 12049 4463 10949 7891 11254 8723 10487 10236 11862 10910 3301 10121 2380 12934 6757 5387 10924 1895 3171 6980 3024 3613 17641 
9726 17912 14471 14862 10039 8423 0 17399 12748 11494 15953 17641 17062 14620 18368 12598 3938 5379 6517 8966 19810 15170 13789 17509 6678 5337 15101 7854 11195 18225 
7809 10614 16542 10912 12190 12049 17399 0 9590 8642 7939 2479 13068 3247 8580 8300 17201 12892 13645 14149 4383 11512 11517 3004 12359 13218 8294 10203 13814 10388 
8041 17599 7021 2536 14167 4463 12748 9590 0 11894 3495 8054 5280 9247 5783 12509 14757 7402 13076 5484 9202 3099 2252 7594 6071 7412 2568 5545 4388 17592 
3976 6815 18085 14316 3553 10949 11494 8642 11894 0 12857 10323 17066 5435 14750 1113 9771 9369 5791 13278 12701 14932 14108 10565 9872 9809 12542 7930 14322 7029 
9502 17534 9165 3257 15716 7891 15953 7939 3495 12857 0 5796 5129 8810 2419 13203 17557 10575 15321 8946 6222 3761 4269 5243 9339 10653 928 8302 7559 17433 
8575 13039 14766 8950 13789 11254 17641 2479 8054 10323 5796 0 10877 4969 6144 10181 17987 12712 14734 13114 2412 9511 9726 566 11933 12975 6310 9986 12425 12830 
13290 22374 5359 2763 19446 8723 17062 13068 5280 17066 5129 10877 0 13716 5384 17602 19597 12008 18268 8354 10871 2183 3384 10315 10599 11894 4904 10659 6170 22312 
4895 8725 16218 11183 8968 10487 14620 3247 9247 5435 8810 4969 13716 0 10193 5215 14094 10591 10443 12791 7299 11821 11440 5286 10343 10968 8824 8079 12967 8624 
11649 18835 10334 4714 17789 10236 18368 8580 5783 14750 2419 6144 5384 10193 0 14974 19952 12988 17610 11092 5590 4971 5958 5591 11739 13059 3276 10714 9469 18681 
4805 5762 18880 14872 4150 11862 12598 8300 12509 1113 13203 10181 17602 5215 14974 0 10777 10421 6779 14212 12510 15499 14747 10477 10868 10861 12960 8859 15161 5954 
9449 15419 17753 17129 7317 10910 3938 17201 14757 9771 17557 17987 19597 14094 19952 10777 0 7609 4000 12066 20327 17541 16221 17979 9016 7781 16806 9284 14181 15792 
6089 16180 10442 9627 9727 3301 5379 12892 7402 9369 10575 12712 12008 10591 12988 10421 7609 0 7165 4774 14735 9995 8648 12505 1410 440 9723 2729 6690 16374 
6219 11566 17541 15594 3537 10121 6517 13645 13076 5791 15321 14734 18268 10443 17610 6779 4000 7165 0 11930 17132 16105 14922 14808 8360 7520 14699 7618 13712 11916 
9440 19898 5710 6674 14279 2380 8966 14149 5484 13278 8946 13114 8354 12791 11092 14212 12066 4774 11930 0 14566 6777 5419 12729 3629 4456 8020 5354 2247 20016 
10952 14920 15379 9472 16186 12934 19810 4383 9202 12701 6222 2412 10871 7299 5590 12510 20327 14735 17132 14566 0 9938 10470 2349 13836 14962 6984 12038 13561 14665 
11124 20398 5457 640 17266 6757 15170 11512 3099 14932 3761 9511 2183 11821 4971 15499 17541 9995 16105 6777 9938 0 1392 8970 8595 9915 3223 8507 4794 20356 
10215 19848 5044 1283 16258 5387 13789 11517 2252 14108 4269 9726 3384 11440 5958 14747 16221 8648 14922 5419 10470 1392 0 9215 7242 8553 3495 7304 3541 19837 
8614 13507 14248 8415 13994 10924 17509 3004 7594 10565 5243 566 10315 5286 5591 10477 17979 12505 14808 12729 2349 8970 9215 0 11677 12753 5779 9788 11975 13309 
6245 16618 9182 8238 10657 1895 6678 12359 6071 9872 9339 11933 10599 10343 11739 10868 9016 1410 8360 3629 13836 8595 7242 11677 0 1342 8464 2269 5371 16776 
6509 16620 10150 9571 10140 3171 5337 13218 7412 9809 10653 12975 11894 10968 13059 10861 7781 440 7520 4456 14962 9915 8553 12753 1342 0 9786 3022 6440 16813 
9032 17513 8487 2642 15269 6980 15101 8294 2568 12542 928 6310 4904 8824 3276 12960 16806 9723 14699 8020 6984 3223 3495 5779 8464 9786 0 7527 6675 17437 
4106 14559 10371 8020 9259 3024 7854 10203 5545 7930 8302 9986 10659 8079 10714 8859 9284 2729 7618 5354 12038 8507 7304 9788 2269 3022 7527 0 6521 14690 
10362 20693 3865 4823 15753 3613 11195 13814 4388 14322 7559 12425 6170 12967 9469 15161 14181 6690 13712 2247 13561 4794 3541 11975 5371 6440 6675 6521 0 20763 
10585 477 24340 19716 8476 17641 18225 10388 17592 7029 17433 12830 22312 8624 18681 5954 15792 16374 11916 20016 14665 20356 19837 13309 16776 16813 17437 14690 20763 0 
